timestamp,service_name,status,response_time_ms
2025-12-01T20:28:44,auth,OK,209
2025-12-01T20:28:44,payment,OK,254
2025-12-01T20:28:44,auth,OK,340
2025-12-01T20:28:44,profile,OK,601
2025-12-01T20:28:44,auth,OK,197
2025-12-01T20:28:44,auth,OK,314
2025-12-01T20:28:44,profile,OK,419
2025-12-01T20:28:44,payment,OK,128
2025-12-01T20:28:44,auth,OK,508
2025-12-01T20:28:44,profile,OK,108
2025-12-01T20:28:44,payment,OK,306
2025-12-01T20:28:44,auth,OK,243
2025-12-01T20:28:44,payment,OK,658
2025-12-01T20:28:44,payment,OK,408
2025-12-01T20:28:44,notifications,OK,386
2025-12-01T20:28:44,search,OK,620
2025-12-01T20:28:44,auth,OK,664
2025-12-01T20:28:44,search,OK,118
2025-12-01T20:28:44,notifications,OK,97
2025-12-01T20:28:44,search,OK,575
2025-12-01T20:28:44,payment,OK,362
2025-12-01T20:28:44,notifications,OK,286
2025-12-01T20:28:44,notifications,OK,260
2025-12-01T20:28:44,profile,OK,247
2025-12-01T20:28:44,notifications,OK,303
2025-12-01T20:28:44,payment,OK,82
2025-12-01T20:28:44,search,OK,658
2025-12-01T20:28:44,payment,OK,297
2025-12-01T20:28:44,search,OK,598
2025-12-01T20:28:44,notifications,ERROR,326
2025-12-01T20:28:44,auth,OK,537
2025-12-01T20:28:44,notifications,OK,696
2025-12-01T20:28:44,profile,OK,608
2025-12-01T20:28:44,search,OK,347
2025-12-01T20:28:44,payment,OK,644
2025-12-01T20:28:44,auth,OK,124
2025-12-01T20:28:44,payment,OK,677
2025-12-01T20:28:44,profile,OK,252
2025-12-01T20:28:44,payment,OK,208
2025-12-01T20:28:44,payment,OK,648
2025-12-01T20:28:44,profile,OK,73
2025-12-01T20:28:44,notifications,OK,106
2025-12-01T20:28:44,auth,OK,95
2025-12-01T20:28:44,search,ERROR,126
2025-12-01T20:28:44,auth,OK,350
2025-12-01T20:28:44,notifications,ERROR,142
2025-12-01T20:28:44,notifications,OK,134
2025-12-01T20:28:44,auth,OK,105
2025-12-01T20:28:44,auth,OK,462
2025-12-01T20:28:44,payment,OK,399
2025-12-01T20:28:44,profile,OK,586
2025-12-01T20:28:44,payment,OK,665
2025-12-01T20:28:44,search,OK,287
2025-12-01T20:28:44,notifications,OK,653
2025-12-01T20:28:44,profile,ERROR,368
2025-12-01T20:28:44,auth,OK,243
2025-12-01T20:28:44,search,OK,333
2025-12-01T20:28:44,payment,OK,199
2025-12-01T20:28:44,profile,OK,598
2025-12-01T20:28:44,profile,OK,613
2025-12-01T20:28:44,auth,OK,487
2025-12-01T20:28:44,auth,OK,687
2025-12-01T20:28:44,notifications,OK,627
2025-12-01T20:28:44,auth,OK,158
2025-12-01T20:28:44,search,OK,334
2025-12-01T20:28:44,search,OK,464
2025-12-01T20:28:44,notifications,OK,179
2025-12-01T20:28:44,profile,OK,200
2025-12-01T20:28:44,auth,OK,142
2025-12-01T20:28:44,auth,OK,434
2025-12-01T20:28:44,payment,OK,344
2025-12-01T20:28:44,profile,OK,224
2025-12-01T20:28:44,auth,OK,546
2025-12-01T20:28:44,auth,OK,137
2025-12-01T20:28:44,auth,OK,627
2025-12-01T20:28:44,notifications,OK,626
2025-12-01T20:28:44,payment,OK,588
2025-12-01T20:28:44,notifications,OK,351
2025-12-01T20:28:44,search,OK,461
2025-12-01T20:28:44,notifications,OK,63
2025-12-01T20:28:44,search,OK,369
2025-12-01T20:28:44,notifications,ERROR,271
2025-12-01T20:28:44,search,OK,96
2025-12-01T20:28:44,search,OK,530
2025-12-01T20:28:44,payment,OK,93
2025-12-01T20:28:44,search,OK,104
2025-12-01T20:28:44,notifications,OK,540
2025-12-01T20:28:44,search,OK,366
2025-12-01T20:28:44,profile,OK,171
2025-12-01T20:28:44,profile,OK,163
2025-12-01T20:28:44,search,OK,361
2025-12-01T20:28:44,search,OK,620
2025-12-01T20:28:44,profile,OK,136
2025-12-01T20:28:44,search,OK,255
2025-12-01T20:28:44,payment,OK,621
2025-12-01T20:28:44,notifications,OK,624
2025-12-01T20:28:44,notifications,OK,208
2025-12-01T20:28:44,payment,OK,611
2025-12-01T20:28:44,notifications,ERROR,606
2025-12-01T20:28:44,auth,OK,218
